3
2771
182
1871
162
118
86
223
13
4247
3
452
486
1173
350
3
438
1
3928
646
19
34723
4
4979
3
17
286
13
3
3
124
1
83
93
828
24
19
180
2
77
19
1
1736
4530
45
9
94
61
473
3282
4
15
91
39
1056
928
1
1
14
2640
14
123
29
304
213
1
19
9
2
16
737
217
203
4
372
4
729
615
13
23
23
315
14921
431
29202
800
6048
286
8
43
8
738
507
14
11875
129
99
573
1
43
5
50
52
80
6
101
40
1
328
6
1
215
117
39
5
7
41
13172
31
1518
21
3
8
1
27
13
209
102
539
12918
8
171
21
8015
180
119
10
453
1286
262
3
1
143
15
217
805
4387
3887
205
113
158
25
1
85
63
7
83
15
532
198
226
1
1453
1486
1625
524
13891
3
3
85
15
480
248
431
277
66
18
580
5
20247
3
330
27
529
38
274
4206
16
10
9
2
19
743
23
227
56
7
42
75
4
1453
14
91
655
12
112
2
56
294
37
17132
2
409
354
81
67
5618
14
5122
5
1002
79
16
66
59
13
63
34
5
425
176
6
13
1
327
392
153
443
1563
51
263
2
25
64
163
2
17
2
17
340
6
468
5001
70
893
16409
221
1768
19
103
386
2188
3880
28243
393
3
287
110
2
37594
293
390
8
6
526
328
1
5
310
160
146
3107
12
14352
6
1
119
1978
4
1
27
380
80
82
38
5029
15
7
7
18
182
826
8
5
11
72
315
1260
3
21
2375
307
12
42
170
137
19
10
93
23
2693
17
528
67
31
119
1170
2606
1
18
24
1
196
314
79
102
33
693
8
12
1459
159
234
5
60
51
37
140
412
29
64
2
1
31
254
30
458
2
7
1
41
33
2
8
65021
10
102
19250
30
6
121
1677
2735
661
10
266
5197
8
199
23
28
11
64
7
1295
8
20
1
1413
2
223
6
204
4
3
7
2010
25
28
175
2179
5088
217
447
443
392
41
64
82
9062
162
13
2136
2941
41
2
10
331
6
12
5
37
21
280
2104
54
1
10
5740
322
3549
320
423
88
1
259
233
76
13
25
178
43
6
23
463
29
216
32
1433
1170
309
1
1571
19
61
1
14
1
660
6084
1
15
192
165
57
802
5047
355
3
2
297
1
24
2
1920
5
1208
90
4398
42
5
6906
4
608
3
3
1252
2
11211
158
293
3
13
6
966
51
11043
5113
37
609
6
19
7889
850
38
71
3
657
2428
148
12
10
17
1
125
13
122
33
12681
774
70
1396
6530
11
10
42
18
17699
2690
22
221
89
2574
23
973
1
5005
172
122
8538
1
2977
713
7
3261
9
165
663
46
1
1076
9
96
23
3
1
15
73
1
6
471
4121
7
397
252
423
1195
12
23
16
2
12
12
22
24
6
242
15
101
191
2
8
2106
272
15
441
59
86
711
146
2
104
207
4
11
10
3
29
18
2486
13
408
42
323
1
2110
230
67
3
24
48
82
57
85
204
145
291
215
24
2987
1
4
15
10032
20
10
73
1945
10
84
401
318
2865
2
8
65
1
5
808
326
2
143
1
1140
626
1
1263
15790
2044
317
1
153
65
268
59
280
339
1915
26
50
42
177
131
109
4
9
31
162
3
126
46
2531
23
5
221
2
1713
1333
27
5
2
13
8
2
13707
5
57
25
13
11
1162
9
123
4784
145
11
3
10594
188
801
18
8297
2
12
10
12
61
598
5
5
74
447
32
123
10
2
34506
14
8876
1
9
19825
39
1
171
2
1157
7
1612
49
2537
2951
2615
10
1228
10
2
9
368
2299
3581
2
6
32
36
12
974
1
15
1
319
337
713
3
430
792
140
3393
412
12
2672
15
11503
7
1233
13
19
15
1
49
218
279
29270
521
18
365
10
17
1509
4169
11
18
13
9
19
20
27
12
44
1
6
66
7
10
83
2923
2417
1385
14
1384
53
17
27
136
522
25
195
13
314
5
7
1
204
163
62
1
5
1
6
96
447
1
961
286
160
49
60867
288
87
98
18
10172
6
97
1808
1
5
45
364
29432
5
131
121
9
2714
29
98
466
1
1312
114
1138
2
5184
839
325
155
382
325
987
18
41
2503
9
65
2383
1293
104
34
66
897
23
74
18
6
1439
6
70
454
3317
1
103
280
1
2105
317
34
74
5
4
39
1
234
92
38
130
2
10
24
11
376
45
9
801
1
79
78
7
48
1132
295
51
9
526
164
89
3
17
11
154
11355
30
938
2
13
41
1901
48
9
8
2
90
21
1922
4290
95
99
8
11
21
188
1893
490
98
4328
238
8446
35521
84
4
20
5
863
1969
2
85
686
15427
42
23
24
459
1551
219
1
12
5
383
680
4
28
308
6
150715
578
18
23
160
10395
5341
51
1
3132
1
655
5
5
36
73
33
12
31
1190
598
2116
3
32
17
32
307
1673
16
8874
48
3
9
155
40
4
161
157
2
1
1
105
2
6
536
11
9513
36
26960
11
5143
5
20
3815
157
37
40
99
7794
3
75
2
147
35
17
1
3
8
4669
109
7551
7117
4618
7
32
5
140
174
64
41
60
69
64295
11923
1356
187
9
7
437
14
46
8
545
4
42
3
3569
1658
16
169
52
9170
2260
37
2
81
22
369
9
162
1368
1
55638
4
1045
1
11
363
27
33
68
77
872
7
1921
407
39
3953
35
208
6
49
29
2
1
9
7
41
32778
1
19
1980
3
2
2311
11
2151
233
3
27
46
9835
4
45
4
5
14
78
119
74
60
15
675
4476
111
1171
7538
35
143
2063
1586
10
863
292
8
9
142
4946
130
534
470
4
2
112
25
132
25
61
9
1056
23
10
458
737
3
1
27
3058
7
331
5
1641
11527
6
13
36
180
4361
85
118
26
28
29
2638
14
2
5
8921
235
5
686
37
7
35
62
2126
5
1
341
26
2
20
52
377
3
366
413
159
140
172
492
1
2
1
19
2
4
8
2986
1456
107
212
79
11
83
7
1709
9
1
1140
27
861
87
151
1357
8378
183
112
12
2173
2329
1
23
8
1
5
12
8230
3172
16
46
101
49
1
32
1
552
4589
1206
1654
37
52
416
1531
548
1
495
7
1251
5387
6
208
401
1
5
58
2
4749
1
2733
120
9
5
230
74
18
1355
185
10606
10127
58
133
4
116
9
1041
248
14
815
1
874
2
68
5
73
13
98
6
136
25
2
42
2
660
470
13
4628
67
3
8
429
2274
26704
3
111
487
10
7280
3149
16
18
69
80
2
2
28
148
8975
57
171
465
35
5551
3
4
1
47
9595
29
2981
30
3029
566
39
4
6
1
88
1
2669
3
33
82
1
10
5
12
6
1
168
25
8
1
130
1
7
16271
8
7
17
3
6
811
113
86
5658
2
2
24
483
11
329
5
4
151
17
2230
24
2
24
4
1
1
390
210
4839
13
1
15572
4
37
2
1
13
1
2
5622
2
7
5478
320
306
64
79
5
5
11
10
48446
83
27
39
231
15
8854
2
16
79
4
1
68
13
9
9144
411
57
1258
1
3646
809
454
433
20169
17
27
2559
1
434
156
2
91
41
1418
31
1083
28
256
10
304
94
331
171
54
93
25
6
4
1001
2
83
319
1
374
10
1463
5
3
2
1
61
203
32
13
3
5
111
19
22
129
77
14
177
23
344
1247
171
1
16
39
3
2
6
22
34
639
2
3
41
1089
3
1
355
1
210
1013
18
2
1542
91
126
425
21
22
2807
544
37
381
143
31
1202
1
3454
5024
12
85
388
13
1492
2
15
1
23
7732
8178
663
5
198
40281
39
25
28
169
3928
4
29
14
1
535
1
30
40
4
36
75357
576
19
2
5
675
288
1071
1
171
18
3
28
20
67
941
55
35
2859
3
58912
40
51
2454
65
12
576
369
306
10
2
4532
177
3
588
2926
177
14
5271
2
794
3561
17
12
11778
106
24
1
3
4
15
45
655
5
56
489
38
55
1
23
3957
510
614
94
1
2
9
4
321
80
1534
49
2381
31480
3557
20
35
533
5
45
68
28
5840
4
602
222
4
253
83
4
738
744
24
13
28
4
19
16
5
160
449
34
101
100
21
4
951
3
96
370
1
1
38
376
2
170
2
69
583
1
15784
18
16
551
8
2
86
1
27
109
14
249
789
7
58
8
5
3
48
2
2
56
3
4
83
1749
2
11
97532
102
272
2
303
2
7
247
1111
6
526
1725
33
6
275
12
130
2870
15
300
25
2
234
4
26
148
585
190
355
725
183
210
2
643
172
28
129
10
176
608
24
806
66
8
12
5982
5676
5
50
216
362
4
30
42
55
439
1
48
43
3
59
7
129
132
136
2
195
1
13
3
4
78
23
8
6
2
17
3010
29
2
145807
1050
328
96
68458
3
1
390
2
206
7
4
76
280
9
103
1248
26
233
39
985
67
105094
84
5
2
1
14
4
2
12
4606
122
5
1296
11
6
4
815
651
42
561
51
3
2
1574
33
106
1987
59
8
1
107
1332
9
21
54
70
4
31
4
4
481
6
888
159
83
3
201
304
6
239
12
37498
5975
196
4
2
18
3
4
5
20
2
30
8
343
1717
78
167
87
5
13
27
56
3
74
4
42
27
273
20309
62
103
31
126
30
651
5
7
1
4
13
11
1139
208
5
6
13
30
8
13
143
3621
15
21
996
19
2
14
32
1233
2
154
438
68
5
5
112
1
30341
257
1
239
1817
495
1550
167
7101
150
7
5988
1
6
3
17
615
2607
16
2
6
599
70
833
15
4
784
86
162
48
64
121
38967
288
4285
680
68
1
18
652
1
427
405
24
8
658
309
19
1625
10682
1332
35
36
10
388
6
3
1
15
6
2
430
1
1
2679
862
591
18
32
14
408
9
126
1
1
14418
675
7671
1
1
62
25875
14
299
51
333
110
66
656
1822
10
5197
12
9
1477
120
4
1
9
2
1208
476
9226
22
3
202
81
8990
710
8
78
2151
54
5
28
1
3124
19
20
2
34
81
64290
1
193
3
12
58
41
15
97
563
269
71
6290
7
31
89
49
2156
96
347
27
8388
452
195
58
12
22
1221
29
1
11843
1
78
30
62
1
4
17
9
8060
332
2
43
266
1292
159
1139
5
8
78
300
26
317
18
354
1
16272
16
376
1
1
62
4
36
217
200
6
3576
288
2705
916
117
6
5135
62
12
19
2303
11271
291
47
290
828
999
398
46
843
1344
1
187
5
16
2
434
25
662
1
813
93
1460
20
144
252
2938
35
126
3
21
21
213
5
16225
4055
913
1
2
3
186
6
1
33
614
4
258
9
514
734
1
148
22944
1
40
9
6
2266
1
2
1207
60
100
97
43
32
2747
6
11
67
6
1417
707
33
6
42
526
355
50
26
307
12
208
10312
2
19
35
5544
1147
7
1687
4884
327
3
339
19
15
329
5
13
1
73
6
1151
2
412
182
7
52
181
3344
1
21
860
9
248
131
4
1
27
99
598
2
146
316
70
313
6697
65
121
1
199
46
9
1514
353
909
1
11
408
1374
38
3570
1420
5
2
6
17
5
2
80
17
2
2
149
420
8718
878
63
2423
399
1
6
22
4
1
5682
1
29
150
6
4
21
73
5
455
1
73
4
30
1
239
1
6448
135
4
39
2237
226
34
71
2250
12
23
101
1
3
93
6546
54
1925
137
1
4409
1
361
489
4
288
40595
1682
4
5
5
5
2
1
17
63720
7
663
383
897
51
2128
1
23530
35
8
1
1284
24
284
663
1139
1
6
13201
9
1297
107139
9
398
765
803
58
12
749
1690
52
8472
152
51
275
32
42
121
141
2
6
195
130
2102
38
7
45
7708
30
774
10
464
9
12
1352
367
5
1
54
3
5
1894
4038
15
4
18
53
6
6
1
14
363
5
10
1
473
203
3243
7
942
6
484
16
3
121
644
11
8
245
23
4482
514
11087
3
87
42342
8
26064
4
205
8780
14
9
1834
4
371
56
1080
7
10
629
170
21
18
6
344
169
4
1501
21805
11
4
26
4
362
7
155
47
9
30
290
151
1
5
36
22
3479
25
403
5909
8
166
38
211
3
23973
428
2681
128
5
205
44
5
100
1788
22
458
1
40
229
581
911
1
5
25249
16091
123
432
913
60
1654
867
2
33
380
1836
37
960
2
308
14
33
9
761
3
342
6
210
13
3
28
26
2545
138
44
7
13
106
183
9770
61
68
49
68
58
235
373
677
7
101
10
190
3517
4761
49
161
477
21
8
215
72
2
57
230
5657
2
224
1
7
100
18611
905
29
2
1
9
5267
256
9800
28
76
246
11
2918
600
1
13
7
2
2
2524
953
131
7
8
2
8
30431
248
2861
98
11
142
17
16
151
696
29
1139
315
294
2
1
6
32
5
1422
61
85
43
12
2625
7
3
347
17
1
1708
119
385
207
69
1
781
37
1
789
9
6
34
558
53
522
14
100
705
297
4029
147
2693
210
52
396
1
37
2
1
325
54
89
8502
8
43
4
114
146
21123
249
26
25
157
45
12
6
339
58
159
7
32
1
3
9920
7
17
2
16
9374
28
16
3
465
847
5
1
9838
1
229
124
1
994
75
33
10246
6
14
97
24
32
32
1
258
10
752
77
1
383
900
126
113
14032
98
4
36
975
85
100
9
4
117
10
9
39
130
88
1265
4
2
20
57
141
1252
7
319
4
7
2
3
2916
1798
6
1
858
9941
42
6
14151
5
21
612
7
149
912
329
1
15
1086
123
11
144
29
4396
49
19
169
7
120
196
53
158
24
69
1
161
1
392
1
1
819
1
802
30
381
35
1324
5228
169
11
2
594
17
162
5
3
7
1527
197
93
337
29
10
8
176
310
9
65
19
23
23
10338
126
443
2544
1220
3656
30
118
1
63743
5
50502
162
193
123
5
22
705
13268
1
170
6
549
681
90
2429
30
115
2
29608
870
25
5
15
351
226
103736
2308
1146
10079
12094
169
5
22
95
14
2
22
3
20
8
58
33
1325
275
595
260
2
18
504
2
495
93
1930
709
2
26976
34
10
1577
1
21
283
1170
2
23155
82
162
51
92
39
5
80
2240
2
49
1252
542
233
9
9
62
6
2997
8
35
3
8
1
986
17627
3
1
2629
5
182
212
134
134
101
12
95
86
104
1
73
289
2
4195
20
15
552
1
3902
23
2
2
2784
4
3
2
1
1283
5
2842
43033
1
23
11
157
185
119
1000
1
8
14
7
40
558
18
104
68
89
177
91
267
32
170
13
110
37
76
21
256
74
43
36
20
568
24
67
646
714
23
13
157
854
11
1564
2570
277
1
36
12
98
15
4750
342
661
904
546
3
3083
26433
296
10
5
2
6
95
3062
419
700
15
113
22
36886
63
134
7378
682
25
775
4
831
33
34
57
111
393
6
10
129
11
9
22
106
181
2
20
68
273
60
1
45
1279
364
2
2423
1
61
989
8047
7
80
1
1113
4
61
419
1713
85
9
2
4557
578
154
141
701
470
162
12343
3803
8
255
38
37
28
149
7382
1
321
20
6
2
16
84
1
469
484
20
137
1241
4
6
2
26
72
9
1251
2
1530
2814
189
14
19
2
11
3976
334
726
13
1208
58
25594
1
673
199
281
23
2873
53
1
2522
1221
464
9
3
597
207
2072
2645
156
1
2
98
1485
42
27
15
890
1
19
19
122
1092
5
6
1196
1
63
370
1
3
74
21
1
28
109
3
2
49535
16
121
1
161
37
138
38
505
63
1
6251
1
8
4345
268
2
703
1
238
15
62
46
2199
7457
26
25016
2
22
284
7
146
91
1
25
633
167
1
431
56
3
4742
14
173
791
1
19
13
3
3
25
3
85
190
2779
15
106
5086
134
380
30
126
12
6
100
924
22468
974
1
3853
90
47
82
274
30
237
4006
300
15
25
2827
1186
161
1
14
20
1
736
51
1
90
15
5
303
80
71
2301
3
3066
711
2
11
1
9
96
1404
1
968
109
813
20
378
1
6
5
789
2569
39
109
37
124
2
1
5
200
219
9321
1
28
382
1
181
76
1379
135
10
1
2
3010
4
79
2471
42
279
68
42
10
132
6503
1
3
5
96
4
57
27
10
124
3
415
494
58
6343
2572
50
1254
1289
26
138
428
4
534
9
203
137
1196
8
5
28
21
2
276
1453
126
1
3257
7642
956
3
288
3678
11062
78
50
3
1140
57
1415
543
62
537
43
19
53
69738
232
9
102
2
52
2223
46
23
214
19
109
4
14464
258
116
1
6
43
2557
207
6
18
3
20
7500
32
2
574
176
951
46
3
1
36
1338
45
15
46
336
139
3
2
26
5
66
33
6
123
7771
303
1519
3
22
12
5
184
9336
9
457
348
337
1
4897
512
99
1203
1473
28
28
13
170
1662
842
1
7911
19
2
3
5871
43
1
105
7
9
42
53
4
5
9
2371
3736
1616
2
65
223
4565
5
61
1
15
23
1622
94
6
3
3
10
10
19052
53
8
972
4
1258
2190
63
44
2867
6
13
316
3
4
55
23
27
4
118
1113
4
144
10
645
3
310
2
24
156
58
5
113
11
3528
75
2
13
476
25
14
805
50
4
17814
290
3
39
917
51
1
416
63
1
6286
24
437
9288
49
33
186
2
20
47
1
4
93
755
2
5638
3738
92
54
498
59
114
261
93
17
1
72
13
193
1853
136
115
284
2520
3050
140
2203
43
5
1349
2
6
8
37
9
1163
5
64
3
1
3
6
362
33
1
1997
34
6
13
2060
2404
678
5
40
19
588
57
10
44
1
630
384
12
1636
2
19
1
2
1
1
5
1
1004
31
338
1095
31
2460
15
18
21509
11
107
3968
117
444
2155
4
1
2
1
106
591
360
2
4
69
3
36
99
113
97
72
779
2
84
19
246
272
1982
1082
270
554
24
11
1
5281
193
14
451
569
539
4739
2
6453
73
688
23
29
35
31
156
48
30
1
7
1
361
1465
4
35
11
231
124
4
54
347
7
520
21
1141
231
4
1724
128
1
16
536
1
23
24
251
73
10836
4
9
1749
219
121
18
15
2
2547
46
22
108
26
59
95
58
49
799
1
23755
22
166
54
285
213
2
93
2090
3079
15
3
1
18
63
1
65
38
54
45
6
73
29
1
16
5
5682
3538
39
5
1
3
4
31
6
191
36
34608
11356
10
2
64897
4
265
9
30
528
202
1
236
1561
40
3
8
8
1
137
12
2338
3517
35
6
45
904
13
2456
834
36823
778
7
6
7
1
149
17
4
1113
62
20
103
32
327
628
399
94
1
353
7156
5
2212
111
4332
212
7
289
1201
1
321
1577
3
2
2
11817
3
11
160
142
2
602
3
207
1295
8
23
3
12618
11
16
755
1
13
38
294
21
7
4
1317
23
473
287
121
2
315
1
2
6
2
178
18194
2
49
2728
41
103
1
68380
11
32
114
10
160
133
3
3
2
4227
4
83
5
35
3
1
327
17
1530
6183
2682
695
33
1
1
115
232
2639
1
60
16
2523
14
1
104
260
36
376
1
19
1
2
4
1230
91
110
4
7
4
14
1
181
27
47
24
43
72
109
71
1
89
10
16
47
459
12
473
110
572
42
158
65
11
10
1
96
4
63
13
2274
155
6225
8
8
579
54
10
7
106
31
1
7716
5
5
2
5268
184
7
475
852
31
9
13
34
256
7
1
23
5
133
398
46
15
114
273
11
2538
78
98
527
333
173
1
1
15
48
12
847
7
45
11
2
437
8381
17
2810
1487
113
255
729
188
7101
108
13
114
189
762
3
24
864
24
77
12
24
62
174
5
100
217
57
1888
36
1
2
25
647
1081
3
8
4
73
16
3054
123
81
253
4186
14
71
4
5
2308
357
7260
2
1
598
84
1
2
893
30
1
132
11
705
1
31
51
6
8
21
220
73
576
255
39
1379
80
3
130
3
4
3
34
220
45
2736
58
100
115
430
54
133
338
150
311
48
116
7
328
30108
136
8909
31
653
968
46
98
615
22205
108
26
2
51
2
807
13
397
4326
1
6
951
13
34
15
174
657
71
226
10
260
3
140
519
7
5
187
214
293
274
1219
88
103
1
1038
3
14
61
3977
7076
34
12
4512
181
13
3551
161
21
2
312
49199
4
315
1087
48
329
562
71
685
2
1
5
2
4
40
85
26
101
229
34
242
12
50
24
8441
844
575
2
267
137
22
1
1357
434
90
6
442
63
111
64
45
82
3
261
18
32
2
1
6
10
223
47892
892
378
61
682
129
10
18
20
466
3
531
5
5567
17
187
274
509
2824
1447
193
349
570
35
14
45
20
8
32
89
77
651
33
2
173
147
2096
15415
16
2
157
4441
9
1
333
11
4
6
16
7
94
28
25
43
166
4007
9
3
24
201
289
2
66
115
128
2
25
19
122
4
2
4
16
584
1900
1182
4
1623
4
177
3109
16316
69
52
2
5
19
100
282
580
27
2
14
3
84
4530
230
317
1890
1
207
23
91
107
31
7
1
52
7
120
38
1
3
11
1
37
298
3607
53
114
1
3
1
91
821
1941
441
12
29
34
7
1
60
7
1581
2
519
12
181
2
5599
3
5
120
2812
1497
254
4
4
142
5
17
3
29
3
673
42
10
120
40
356
132
12
88
437
2
32
136
50
2
6
21
2024
86
9
1
25238
2472
38
385
1745
2
294
45
344
521
11
2104
313
34
10
113
3
102
25
2080
1
152
719
102
3479
467
8
54
16
1335
145
2
34
30
27
296
163
232
4155
1093
185
1
15560
4456
2568
1
449
359
1
6
26
9
1
89
857
3
4
11
38
156
1
70
3
2627
9
2309
2070
6
295
135
793
54
1
45
207
3
82
36
8258
5053
180
27
6344
2
114
2
255
456
3
1
15
2239
100
71
20
1
23
6
1703
12
13
4
235
63
19
11
1668
27
315
49
1
13
2
10
15
922
36
154
83
139
4
5059
70
28
1
4
3672
2
42
112
22
2
1
1
17
523
69
24
265
5
22
143
13
59
5
34
3411
122
94
8
3
4
70
6
7188
7
450
1079
8
5
1744
83
14
23
1383
81
59
50
1
5
27
18
25720
34
107
3
10
13
13
441
97
144
12
37
7
2
10
1
227
3
1
20
80
1
12679
2512
19
108
3535
4064
7
11
315
583
3
12
357
625
11
1667
270
4
63
12842
12
113
5
2
115
79
39
217
792
2118
1370
4
1
9469
13
764
2508
272
18631
71
69
9
59
153
88
23
14
426
5
5
36234
193
90
67
10
83
22
931
162
3
1774
257
1250
150
21
77
390
57
32
14022
13
966
2
56
4
4
2153
4944
626
164
37
5
373
274
159
17
87
25
188
1251
1
936
111
3
1749
3
145
2
411
355
46332
1
15
445
3
404
36
6
3
145
23
58
9
4
288
1395
47
481
93
149
24
18
4
35
373
1
2
324
2
59
293
5566
53
5
9
6
141
1
13706
1
305
42
839
8
1
365
1303
175
1461
54
1041
6
18
252
8
4
406
2959
1
959
11
51
1
169
22
23
2
125
406
4
23
25
6654
855
553
151
60
62
4
48
27
476
1661
11
39
145
13
16
14
182
21
16
35
18
12866
17
3
5
13
4713
10
9
31
1617
1
5
1
56
1
211
37
808
73
19
20420
2019
880
1
16
9
265
68
3252
46
127
119
51305
237
4
196
533
36
13
24
74
5
8811
15
28
8
627
220
39568
639
18
3
510
59
240
8
79
3
17
58
19892
1
69
51
4518
268
10
1
5
7
53
53
33
2
112
22
145
2
110
3
40
2
1
28
76
1
6
19
1
53
3368
6
214
168
1
50
3
47
1
29
3959
31
1
117
200
335
128
3
7
443
5
108
5
37
3
146
5588
10
5271
1788
324
2
115
7
22
5086
10
99
8
24
66
1716
1
1834
70
151
738
4058
254
6
24
39
10
142
10
30
5328
323
802
148
2
3
36
862
4
16
132
1
1203
80386
2
1162
13
237
10
2
11044
2404
77
185
2
2536
16
3228
1
30
54
3
2250
1
5133
17997
129
376
315
12774
61
40
6105
55
61
30
27582
2
142
18
31
1817
32
87
55
4
3851
18
23183
14
64
7
902
1030
16
1971
605
572
25
1455
1307
3
226
114
728
618
103
10
51
4
16679
1
2
66
317
192
649
56
3
15089
18
91
172
51
42
53
24868
147
22309
30
7118
66
372
4
1
41
21
4
37
5
931
113
36
5
2
7
729
1
1030
88
182
43
8
12
248
22424
519
298
2
2
5727
14
214
7
12
81
227
32
29
47
1824
99
1635
16
40
4
365
2
9170
42
5
1
4
1
3738
50
3
158
7
73
2
1474
4
63
8
1920
190
5101
51
121
1
17
2
21
5
205
31
376
2
22
9
14
465
39
80
264
2
1
545
7
1
110
3
97
2384
4
109
3494
134
20
4
405
92
243
363
23
801
52
51
12
19
1
18
19173
10
2
23
3
7
49
3
19
4
1253
803
571
16195
1
48
39
537
13
888
1
81
508
161
5
2
29
28
895
128
1421
57
1193
1
41
23634
1
32
44
64
20
1
2
977
5
45
3
46
38
26
253
402
87
20
5229
47
1
39
2
2
1
2565
71
9
1919
7
4
133
1452
1
3
395
129
338
37
5283
10
675
29
563
56
10
24
97
1
10
1
1
54
30
38
252
3435
155
5
24
236
2
321
12
125
331
180
11
927
2
11
8
2
108
50
665
1
11
8616
270
71
3889
12
1075
212
61
23343
4
3154
43
743
2
10
4
830
5
4
20
460
32
626
90
1509
1
1
6
19
12
15
173
17
806
99
135
2642
1
4850
689
39
3
667
26
8228
148
66
10
836
61
3
4
10
9
511
28
2806
26
1719
123
17
6
45
2250
8
5
32
6
17
84
398
1
20
30
38
51
688
13
785
61
13
13
1
836
137
56
2
11776
7
289
608
12110
18
9
75
1357
879
2
17
2
52
58
124
54
201
64
18
104
2191
3446
2
6
3357
29
12
2366
24
106
3848
3
57
24
459
22
143
304
3
2
1
4
2
3
19
63
2
63
58
1
14
18
297
1055
18
8693
15
12
12
108
24
4
259
33
1
45
249
12
362
499
16
108
10215
153
1
43563
34
14
191
2639
750
4
2
14
69
8
11
11
129
5
55
3
3
31
50
22
1357
37
148
28
13
863
28
1
7782
984
50
1499
7566
117
467
4
4
19
96
4
2
60
465
185
58
463
1840
72
700
576
15
138
5
51
1509
21
10
960
2
1
143
2
10
1
38
702
445
118
2013
2
1
35979
24777
403
152
2
71
19
7
6
3
247
5
170
603
2
74
437
4029
3413
474
25
367
9
973
2
5
315
779
10
357
4
293
8
2
403
287
2
62
848
53
1055
70
57
294
6
292
105
11003
203
40
2284
775
79
2
759
4
83
11
17
30841
4
75
8488
805
21
2236
115
75
1
8977
55
1
2
27
2160
115
584
4
32
3
289
1
3
4
3
285
2
6
81
130
1
1
3
9
449
6
2
4
125
23581
4
225
4
329
880
957
134
285
11
1365
64
170
53
2
1147
1276
6
4
28
63
3337
121
4
422
211
94
5
11
4175
464
6494
4
4
5
528
1286
5
18
39
278
34
3212
40
51
5059
767
629
39
67
13
30
30
1
1736
38
6
13154
2
31720
2
9
202
3
1
1
288
73
3
3348
142
25
9
117
5
4
9
39
778
1794
923
165
40
1
4
193
1279
13
23
117
8
1
436
1
8459
234
11
109
15
847
4
74
2
234
94
864
638
302
204
192
28
5
31
3
16
47
12
87
16645
7
96
234
264
3
6
452
433
13
931
11
9
2
105
737
1830
1260
3
320
24
137
70042
2023
1532
57
941
373
12
5
33
13
1
1
11858
2
4
2
281
42711
5
21
75
12
4
21
120
18
1
21
5741
11
23
16
5
38
1
3
6
19
3977
41086
39
2
676
407
367
213
15
33
105
194
12
336
3
53
219
66
5
81
53
7498
500
137
12
826
54
5
3
10
6401
11
8
63
100
10
167
24
523
7
54
2450
5
192
2
20
3
1002
26
71
1110
3
20
10
291
3
2
3
80
2
555
1313
640
143
306
554
66
1015
76
1169
2088
60903
37
5
11
16465
15
25
6
15
2
662
900
2
8
1502
1
1785
8
141
12
41669
11
1116
94
8
10
16660
402
1
8
2
75
319
83
4
3348
198
5993
360
2429
44
195
77
3
68
76
95
214
52
4
4482
10
38
6
5
177
1366
47
205
74
10
16893
9851
306
148
6446
19441
56
1
937
650
27
27
11833
5
25664
1
97
220
1
115
31
1
325
304
185
21639
97
466
3
196
230
1
17525
4
2090
43
2341
5
26
1154
17
1
42
17
1
2102
4
11027
9
2
4
326
277
8
2
1410
1109
151
535
8
1
1303
21
52
91
5
3492
16
1604
82
16
571
140
3725
7
102
248
9
11905
2
55
206
4
4
304
35
57
39
1
328
141115
3
6
130
20
3
4
99
15
276
618
36
29
16
1750
71
203
5
787
612
25
71
10
17
3
30
35883
37
37
2445
48
148
24
4
2708
76
11
7
1208
79
4
2922
95
4269
436
2022
1079
18
189
86
2
61
123
5
9
21
316
10
1561
8
199
211
8
8
587
57
6
3817
10
9
21
3
192
55
107
4
232
9
1
40
85
170
2
13
29
125
1
113
1
100
9
40
1
3462
3068
3
112
146
189
4305
4035
3
614
2480
3
138
1690
615
178
7
4
6
13
2
16
1
1
2
2643
1
1110
49
11
1869
4564
8
1
11
24
61
2
8139
1567
73
1
4937
26
52
183
1
254
12
4
22
7
23
20
282
1
1
18
74
77
389
1
333
225
353
236
4
7
194
2
406
15
105
47
61
14
1
324
89
1433
11
124
11
1
27
28
72
410
10
185
13
22
2200
27578
25734
36
11
530
208
6
8
147
152
3
225
37
61
15754
185
485
2
2
9
5
56
1739
14
1
1
21
1
1260
23
3
17
3
444
214
638
4
90
153
339
1
11
10
211
25
36
1
13
3
4
676
334
67
123
2
429
4
183
7
102
307
270
12
5
869
4
19
1333
230
638
4
8
14
20
99
7
13
1
1431
1
8329
103
4
156
23
314
934
55
517
6
1746
172
28
275
2
8
3
1480
19
3739
769
13253
5758
5129
2
15462
16
1
5
149
116
47
50
8367
24
1266
30
22
39
7
903
10
1
2303
38
5
4528
3243
1
32
1288
8766
1
4
756
424
5
2
44
2
659
5
1
39
2
29
65
22
377
840
203
1
8
240
20
791
11
1023
1
8
5
2
1
22
256
11
472
99
28
40
16
1148
23
24
16
3
614
1
37
8068
66
8
19
15
186
1
7
99198
335
78
21
7545
397
4860
2587
173
47
12
7
6
79
3
316
13
497
1
17
15
253
121
2240
32
90
130
1229
34
42
944
22
142
49
100
60
4
23
15
44
1978
2
131
2
1826
113
2547
176
29
6
19
65
2
161
100
59
15
12
5
574
5
180
73
456
8
54
8
384
37
6
23
10054
4
240
4796
370
49
6705
3
7
31948
695
1609
574
2
23
1261
23
3348
94
772
724
85
50
215
4
93
28
13
15
7
252
2
94
299
13
93
67
33
14
1
5
16
1228
2
345
206
51
4001
15
1
130
459
1
1218
36
14817
67
5
9
287
1224
1
14899
19
29
47
1
55
157
7
4924
9845
5013
496
108
111
130
29
630
1
12
1773
406
64
37
2431
24
8
36
9
1
2208
3782
80
45
16171
1113
1561
4
15
2
3649
643
227
75
1815
38
25
20
24
345
253
270
9
16795
1
269
231
22
22
143
551
1368
8
14
55
2436
27
74
2933
1541
128
167
126
141
1
5
36
1
467
4953
16
467
5527
2
378
18363
83
23
1830
36675
7
8100
141
114
31
85
30
146
25
1382
5
4
8742
1
49
316
1
6
232
12268
1034
1044
6523
128
707
3
22
932
1
301
2
180
9
2989
1298
1
217
3
42
286
12
1
14
2096
257
13
107
16
1741
166
12100
12002
3
3122
232
44
2
150
162
1136
3
15
34
59
286
3
21
30
157
691
5
16542
58
1370
94
30
9
36
4
7
1249
13
813
11
11
200
48
9439
5
2015
200
2448
65
709
2200
86
7608
4116
2302
16
27
17
70
4
6
10
6402
7
300
17706
43
8704
678
122
2
98
16
11
2
199
864
110057
8
80
19
4
439
4142
11
1
118
56
4
4
575
312
4378
3
408
21
15
80
22
72
20
20
5
2
2
39
32
829
168
931
36
3370
1
3808
54
44
3210
1257
6
12
9
5
16
10
35
94
1554
62
5642
63
819
7
105
341
13
634
843
845
23
368
29
283
13
23
7805
478
19
389
8647
44
36
2
6421
217
3
1
20
582
1
2419
7
16480
10
2
1
17
2282
15
1571
1
7
59
1
23
2
12
135
17
4
105
82
60
35
1
3
426
67
8
21
97
133
16811
29
57
2
19
3
35
13
5251
2
2542
4
117
149
629
27
15
47
455
3935
878
234
14
4333
29
88
1
109
19
114
472
268
376
10
1744
160
89
165
6
28
3600
38
18512
689
1554
2524
193
44
621
30
98
4
24
36
9
1348
3080
133
16
88
27
163
116
28
353
22
91
3
33375
459
843
966
31
1
4170
2
1
209
70
2806
2370
36
5
31
18
3
245
1
8
694
1
3791
38
62
30
31
12
1
62
193
3323
4
24
28
76
37
4
522
1
1785
5
3
1181
2
1708
100
2
7
3
57
3
18
3
244
501
3
4
21
17
465
1
39
266
318
167
1009
387
2
5
2089
659
293
9541
769
219
160
28204
148
2968
65
50
3
257
49
48
64
3
3
215
35
88
703
18
153
1760
30
8599
33
1
25
12424
43
1752
4
107
1
107
7
9
1
4
22
1
7
4
427
1
33
431
6
871
18
1108
58
2
30
3
199
206
2
21
18
30
26
7987
18731
183
7432
55
24
84
98
135
27
129
153
2
18
2
4882
4997
101
6
117
36
14
97
43
4
65
336
4
1
300
1
2
13
11
8
103
1110
134
4951
5
3143
1
832
191
2
2
32467
36
1337
26
647
98
89
9
89
4
48
133
210
44231
34
117
1776
1
1084
785
2
62
3067
21
3
399
14
11
452
1060
5471
18
169
27
218
2060
6
20
1
2
12
16
722
209
2740
1
357
359
17
60
1772
1035
125
310
17
4179
2365
1571
1948
14
15
2370
4
15
7
997
2
7
6247
25
25
1537
622
7
3231
7
167
870
1382
487
54
42
1346
105
83
176
1248
922
3
103
128
67
645
19406
1515
2455
247
177
276
36
23530
29
1
1171
455
7
3
9
2
143
78
183
17
166
405
10957
3287
94
271
27
541
38
297
41
9
78
10
1
599
55
549
5801
7
559
1
928
3
4
9469
1167
5
7
273
91
10
725
134
10
1190
5
38
2448
3
4466
1675
330
131
70
372
2
2186
353
3136
6520
2411
871
200
112
11
9332
254
72
30
16
42
1438
43
24
2
15
8
14
77
52
30
10
5772
481
889
124
188
73
30
188
1925
72
2529
372
141
6
21
666
18
115
1850
1
713
27
38449
239
19
58
168
10
64
12
2903
68
737
200
4629
1128
311
350
6
13433
404
2567
6616
1197
11
692
82
593
1
11
3
19
1702
22
5439
6
4
19
47
6
26
17
131
12655
519
225
24
18
14
43
2
1
6
9345
6
287
108
1677
70
4
5415
4
5448
390
190
1
28
7
48
24
1
47
2
7376
2821
114
21
432
2
119
47
8
5
46690
132
3673
452
4
15
2659
2219
168
387
151
440
2604
54
1929
342
3471
341
252
3
856
3
1
52
59
1
3
971
2
196
1505
1369
385
9
14
3845
24
68
64
32
124
84
1
334
6
11
75
1
18
621
28
15
27
98
6
6
8
15
128
13
17
10
1013
28
1
3
4762
1836
8
2263
98
18
26
5
5
117
356
9
241
4
30949
352
52
538
2
1
5
47
1
21
24
25
406
194
1
1733
10
1
205
12
2
3
1644
5
7288
3
2
171
1
340
29
26
43
142
572
576
6
330
133
3
8
5
1
387
26
76
2095
87
7
77
109
745
375
1
133
189
25
1475
7
3
240
52
3366
2
312
9
136
351
145
586
354
50
77
366
56510
1
424
47
14
11
7
5
18
256
6
2608
1
57
24
872
3513
4
339
2
80
430
3
29
8
52
528
462
8
63
93
31
76
1
882
4958
25
10623
1
17
8
195
22
97
17280
505
436
12
9
4
147
19
619
16
87
33
31
1
222
6
7
838
475
324
5
34
6
41
1
7169
2
35
1
1
7
26
73
629
5
10
15
40
4738
76
126
77
3499
467
123
30353
135
329
12
16
3
9
187
6
68
19
6903
5
1
20
4
125
245
71
169
12
6
206
545
11
24
60
3
19
1
17
1
111
28
45
20
12
3
13
3
179
607
6
113
11
96
10731
5
7
3002
633
843
360
2298
1
40
62
692
333
6066
12
3610
1
654
523
93
5
15
117
18
140
2254
2
40
5
98
13
22
37
25
5
1155
28273
225
1510
114
22
8
19
8957
1
2362
2244
41
1
30
677
28
848
91
1
15
2
1
2158
15
8
57
39
95
5
1
9
12
4
8
5001
630
85
6961
1
109
333
112
2353
4001
22
236
918
250
6
1048
9
1
570
57
2
838
181
4
9
29
489
19788
1101
35
2333
1142
2
14
12
89
16
175
48
19
90
36
283
32
9
3
16
215
35
1
22095
140
19814
5
57
85
19
39
10
74
14
5
14
2164
427
7161
181
16
200
3
1244
605
138
55
1
33
1189
9151
23
6
173
71
4
1
66
2752
5
11
98
68
3
7
51
128
925
12
15
21
13
84
153
913
6789
2
1
185
682
1
6
36
65
7
872
7
1
1
103
2012
16
2674
43
9
1
66537
8
62
7
3
2
103
8
25
19
97
4
15578
4
1798
2360
433
207
3
1
125
148
6
47
2
575
150
6
5944
16097
10
85
9
79
2
78
821
9
18
2440
1335
1
38
64
5
4513
165
360
1
2
154
11
1141
3375
2
11
6801
68
54
12878
334
17
21
247
12558
2129
2
335
611
6310
75
333
2
23
12123
89
433
15
1388
3315
30
772
456
254
11
913
5
384
202
634
157
34
231
4
1
87
103
21
166
112
18156
1
6
40
74
28
2
4
24
156
46
3156
3
222
1
1350
2
21
8
1
237
1175
3821
873
2
1
20
19
39
56
216
14
49
245
1197
1
36
1738
3212
476
581
3
8
14186
81
1
14
2
2
38980
381
437
8
7
179
236
1
1
1027
16
19
2478
40
26
5159
471
52
90
119
4355
219
180
80
2
39
17
123
5926
13
1
88
1
2
11
12926
14
30
4
131
29
1939
63
1
646
16
1772
9
32
2045
19
1
50567
832
21
447
1713
4
12
441
6
15
161
534
157
180
11
28
793
4
1
5
11611
196
30
1
10
43
2
14056
1
80
1
91
5
1
544
5
157
2865
24
4536
650
6010
5291
3
16
7218
20
12
22
1302
3
8
13
8
37
227
39
32
7
6
3
89
11
1
199
170
6
360
9
17
1
2
169
68
1630
1
8358
1
702
185
1040
129
278
28
254
13
35
1
57
488
3
6
7
13
3757
4
163
2
2
2
10
37
168
416
3
579
2
109
16
783
62
583
50
76
6876
760
23
54
926
10
38
5
2
205
23
32858
4
45
4661
5
42
4
582
1
461
2
23
16
71
27
5
394
246
1361
21
199
8
78
63
4
2
1
295
1
10
1573
712
28
5
1
75
91
2
29
285
48228
40668
290
24
19739
191
801
2
3003
1
31
10952
93
14
8
8
105
6
796
2
487
43
8
3
6
20
29
4046
6
76
321
1319
279
10
271
3
16
263
28
2
9184
2523
42
3
32
206
1
55
1273
72
3
12136
2
2289
3
5
40
23
26
28
4
13
33
12339
127
75
364
1351
11
1321
62
47
59304
132
279
37
157
9
37
14
11
47
60
1555
3
516
3
3198
150
11
510
1
215
1
6
45
2
16
116
3
61
71
110
2720
585
183
2
30
18111
141
6
223
147
192
515
6839
9
5
23
1
2
2484
1
10
7043
653
9
3825
614
73
5254
18
9
95
187
1173
2
433
786
47
24
34
157
41
6
73
6
288
2
5
14
105
4
13
85
1133
10
3
3
1100
474
1
36
1
47
4
4906
1
3
161
5252
14
11
41
1
27
83
61
2
13
335
1463
10
95
52237
736
9
40
24
3
95
4
49918
528
76
2372
3229
2
1
110
58
2
92
29750
3
4
24
7
1
111
8
799
63
1151
10
9
3
91
1
2
6
1
53
51
418
1918
111
862
29
112
1
229
29
72
1922
4
9
968
5
2143
76
1
11716
1093
3239
10
3
24
15
242
11
9
3
1
4
1
1
2
530
47
119
2977
845
1
11
145
2
11
4
1633
21202
2
31
8
29045
95
144
1
89
8
4055
25625
1070
139
10
6
429
96
81
403
8
2
1
4172
235
217
313
45
15
8
55
29
48
1
1
9
11
717
21
575
3
13
2
9132
371
38
231
156
3
2
47
3
30
8
562
37
10
425
4
475
53
17
3
876
951
6
186
6
67
261
1
158
1535
1
183
129
271
180
60
2
18
33
1090
6
431
19
2
5
9
315
4944
5482
80
1
6
108
8
30
6555
33
2
1
2
11
547
49
9
44
2
990
10
90
93
917
42
169
2164
12
5
12637
1222
1
9
552
7
456
1
2
1348
7586
6
193
2510
35
4
184
2252
7474
123
23
7
97
30
8
277
6
10
1
2
105
166
13060
18
12
45
155
568
5
1
277
3
943
3
93
36
25
6
69
1314
8
19112
4651
4
19
29
41
1
325
5
11
20
123
114
14
11
2
2
31
740
224
604
175
26
20
73
5484
3
10
6
4
166
10
880
359
7
113
12
1778
8
22594
393
29
1
91
10
7
2
1117
27
26
53711
3422
1
1
640
9348
1869
502
35
828
372
1
1717
2
13
13
29
6
34
649
1
4
78
212
1230
1
4
15
786
2
122
3425
4
2
5
37
877
3400
3424
83
21
3
3
639
29
3
74
36
17
5
2
56
13147
23
24
1
160
2
1
212
84
98
33
1
34
54
364
1810
2896
3
5435
1
2850
107
516
47
1154
178
2
284
325
8
309
1037
1
666
73
3
333
124
85
1
825
3126
5
7
2160
401
4
1
13
1
1
4
2
1275
1
18871
67
570
56
3
106
3
5
12
15
18
47
180
47
23184
3
16
2
3121
156
209
320
2
9
4
2116
2
590
26
4
10
215
9
23
1
11825
2
37
25
118
92
96
3
342
7
151
1
108
83
68
19
222
100
27
6688
2
44
55
1
39
59
158
42
1
2437
11
10067
2
1
1
11
113
1078
958
1
2
151
137
5
3
385
399
25
1332
7
1
62
475
8
75
275
40
2
17
40
53
698
1
7
237
23636
74
16
302
4
1
226
53
23
3
121
1
68
114
92
2
183
67
130
213
99
8403
190
26
365
7910
1010
99
406
103
134
1
34
12
74
8
129
775
3
60
30
92
1026
26
146
1
12681
1862
1218
479
61
1045
8
73
40
66
1
52
2
1106
12
2
4
1
40
43
3091
71
2
251
19
4
42
1239
415
8
5564
2
60
3
590
4407
7
238
348
2444
2
22
2
3560
238
3225
9
2
135
59
261
107
4
57
3
9
84
58
15
18
14
419
3
5
105
176
1889
7
402
5
572
14
3
44
31
1129
3
19
1
12595
79
4
4117
99
2
2
13866
54
29
10
139
8480
778
4
94
64
174
78
131
151
2
2
26
822
30
606
3457
36320
3424
859
708
82
73
4547
2
8
51
240
1
36
69
204
66
2512
24713
6
1
1359
72
5
482
95
16
214
2305
1
22
9
548
3
6
4319
30931
5857
394
19
8
76
427
15
4
51
9029
71
301
5
24
2331
15
4152
85
18451
62
1425
979
19
13573
1
19
825
7
31
1092
8
261
344
157
511
276
1536
14
4
248
2589
2
14
61
3
209
2
23
44
9819
457
41
5679
24
2133
5
2
1
195
1
77
80
4775
66
48
3
20
1002
10
157
4
809
26
64
122
36
995
651
32
37
1131
231
40
214
75
3821
54
5
6266
2
24
153
169
75
6008
16
1075
5
27
14
195
1542
993
7
2
2
1
72
59
679
2213
16
368
29
7
2
2
2
20
68
12072
13
398
15
6
710
291
2
12552
369
1
613
1
10
2
7
53
3
3
67
5
5458
1733
45
47
4
162
18
6
11
5302
22
2
720
1461
83
13
5
2
551
110
59
16555
3
2
63
26
1
172
34
4
2
1842
200
430
8
8
2287
63
1534
2863
280
20
176
364
120
12
3154
16
288
35
349
319
10
12
1667
32
35
854
18
8189
61
1
5611
77
989
79
159
18
20042
58
4
134
35
6
22
5
15
2252
1125
59
11
1175
320
59
14002
2
409
3
19
2
1
163
100
14567
24
21
1062
37
116
607
9
2
94
1
70
4185
23
1361
461
2629
1744
116
302
2
2
4752
2
887
236
23
28
412
215
189
45
8
28
11
687
2
7441
178
505
10246
31
2
70
1
768
43
4
2
185
37
2045
1
55
1450
12
523
4
1
15
186
10
256
39
97
1
5
1137
336
12
119
11208
3
1
2218
4
1
2
4
13
61
10
176
44
4
11
25
7
3413
757
4
4
432
6
17
966
9
494
163
13
4
28
2
87
72
2
292
7
327
23
28
55
433
1
41
11
173
34
60
6308
60
912
65
1
2
2620
137
20
15808
23
563
3
3
129
16
18
106
670
463
752
5
36
4423
3
100
89
12
49
1
69
1
143
212
1501
2530
870
67947
22
1
4
19947
12
10
30395
22
2
83
83
682
4434
3
206
353
535
4
158
27
2
4
1247
1
102
88
9
26
190
30
13
139
312
5
80
181
1134
80
480
13
52
4
170
3
684
1255
103
135
19
1520
2
157
1668
1570
1
444
11426
1
19
1
690
57
3
25
4
717
51
154
168
7
1599
9
16
6
143
8
20
7
1
2
366
3
106
27
63
648
16
1148
67
2
76
120
30
124
45
33
8
41
2
823
3
37
20
13
250
399
84
147
138
9823
80
7
3159
1
4
5
4
161
27918
13
55
1
1818
386
277
3700
170
173
332
76
766
255
21368
10
362
72
99
10
65
9
927
258
26
446
1185
360
2
27
137
10
3
6698
5
327
6
4276
3665
59
58
2028
57
208
690
466
4
379
42
5
25
1
10
162
135
72
4
1
27262
10
8
2
49
1
801
145
17
7
1
1446
4272
126
1
567
8
4
6796
7
98
365
5
15
40
41
28409
1111
44
37
12
1656
2820
9
5
8
217
35810
145
1806
8
1
5
1
2
4
25755
10
988
7
4946
5
295
45
3900
2
4
24
31
2
8
57
3
147
130
1
122
12122
26
580
685
2
29
93
552
4
2
19779
613
10
12
631
6
493
47
1
94
1
9
19
2
5
1070
1
1895
246
4
3573
2
421
165
8
798
4
4
4480
85
9
235
77
57
1
1
3
14
30390
900
3
1
596
5
13
577
4
1
11
175
1
9
3
2231
50
4
162
3
8
24
1
1456
2
1401
1
146
693
146
76
336
308
1458
109
73
947
67
399
127
30
10
90
494
5
76
1
32
16
487
34
1935
369
2076
14
803
22
313
11
144
758
17
104
1
5501
1
11907
234
54670
3607
26
15
59
49146
3433
41
263
4
68
126
6149
28
428
75
2
5
16
1
199
3420
1093
3
7393
153
152
83
49
156
37
8
64
952
442
19
16
35
186
3749
1
63
165
556
167
4697
12
636
38
1
1259
22
29
5
47
263
41
43
5
9
24
15
16
35
392
262
643
6
2
33
4904
3600
9
7
1
3
3
14
459
131
164
786
1767
1254
264
1
455
253
8
4
1
19
2
1
1194
1617
450
1813
14
136
22
72
3
9
16
1023
1035
119
2
115
6
95
4
5
420
137
4
27
182
1
584
3223
76
69
204
289
267
396
1155
24
103
6
2
2
271
7145
5